#%result_name=Analysis_6
#%array_type=HuGene-2_1-st
#%annotation=HuGene-2_1-st-v1.na36.hg19.transcript.csv
#%comparison=POST vs PRE
ID	GSM2813727_ER01_S1_NBR_1_B05.rma-gene-full.chp Signal	GSM2813728_ER02_S1_NBR_2_A07.rma-gene-full.chp Signal	GSM2813729_ER03_S2_NBR_1_C07.rma-gene-full.chp Signal	GSM2813730_ER04_S2_NBR_2_E05.rma-gene-full.chp Signal	GSM2813731_ER05_S3_NBR_1_H07.rma-gene-full.chp Signal	GSM2813732_ER06_S3_NBR_2_B09.rma-gene-full.chp Signal	GSM2813733_ER07_S4_NBR_1_G05.rma-gene-full.chp Signal	GSM2813734_ER08_S4_NBR_2_H09.rma-gene-full.chp Signal	GSM2813735_ER09_S5_NBR_1_D05.rma-gene-full.chp Signal	GSM2813736_ER10_S5_NBR_2_D09.rma-gene-full.chp Signal	GSM2813737_ER11_S6_NBR_1_F07.rma-gene-full.chp Signal	GSM2813738_ER12_S6_NBR_2_A09.rma-gene-full.chp Signal	GSM2813739_ER13_S7NBR_1_C05.rma-gene-full.chp Signal	GSM2813740_ER14_S7NBR_2_F05.rma-gene-full.chp Signal	GSM2813741_ER15_S9_NBR_1_B07.rma-gene-full.chp Signal	GSM2813742_ER16_S9_NBR_2_G09.rma-gene-full.chp Signal	GSM2813743_ER17_S11_NBR_1_D07.rma-gene-full.chp Signal	GSM2813744_ER18_S11_NBR_2_C09.rma-gene-full.chp Signal	GSM2813745_ER19_S12_NBR_1_G07.rma-gene-full.chp Signal	GSM2813746_ER20_S12_NBR_2_A05.rma-gene-full.chp Signal	GSM2813747_ER21_S13_NBR_1_E07.rma-gene-full.chp Signal	GSM2813748_ER22_S13_NBR_2_E09.rma-gene-full.chp Signal	GSM2813749_ER23_S14_NBR_1_F09.rma-gene-full.chp Signal	GSM2813750_ER24_S14_NBR_2_H05.rma-gene-full.chp Signal
16736628	9.47	8.37	10.33	9.12	9.91	9.04	9.96	8.58	9.41	8.27	9.68	8.89	9.51	8.23	9.8	8.85	9.76	8.59	10.84	8.5	9.77	8.18	9.96	8.03
16982921	5.53	3.59	5.8	2.88	4.67	2.98	4.8	3.9	5.78	3.63	4.44	3.6	5.24	2.23	4.77	2.14	4.92	2.75	6.07	3.27	3.58	2.01	6.08	2.63
16951191	4.73	3.56	5.23	3.61	4.57	3.58	4.69	3.78	4.87	3.58	4.15	3.42	4	2.78	4.93	3.07	5.06	3.77	6.03	4.01	4.88	3.82	5.04	3.05
16857068	8.69	5.1	6.21	5.22	7.32	4.96	7.84	5.85	6.31	5.33	6.67	6.27	8.64	5.3	8.86	5.75	8.69	5.37	8.8	5.05	7.83	5.96	6.7	5.21
16939718	6.49	5.13	7.4	5.47	6.73	5.34	6.5	5.79	6.42	5.75	7.04	6	6.8	5.84	6.85	5.73	6.95	5.69	8.77	4.74	7.42	5.56	6.93	5.81
16844294	9.13	7.74	8.73	7.75	8.71	7.73	9.27	8.27	8.98	8.46	8.78	8.17	8.63	8.35	9.1	7.91	9.06	8	9.43	8.47	8.54	7.75	8.56	8.02
16909775	3.55	2.11	4.13	2.26	3.22	2.49	3.92	2.14	2.99	2.59	2.67	2.51	3.35	2.25	3.34	2.49	4.13	2.33	4.37	2.89	3.81	1.69	3.22	2.6
16909760	4.96	4.1	5.23	3.83	4.69	3.24	4.55	3.82	4.46	4.43	4.71	3.96	4.45	3.77	4.76	3.95	5	3.9	4.92	4.48	4.56	3.34	4.8	3.66
16987076	4.65	4.17	5.24	3.72	5	3.01	5	3.93	4.97	3.97	4.54	3.82	4.06	3.77	5.02	3.66	4.88	3.62	4.59	2.94	4.37	3.85	4.86	4.37
16883074	6.62	5.42	6.94	5.13	6.39	5.18	6.83	6.11	7.09	6.33	6.13	5.49	6.02	6.09	6.77	5.92	6.83	5.43	6.98	4.94	6.74	5.94	6.82	5.51
16823255	6.84	5.97	6.57	5.75	6.78	5.93	7.07	6.11	6.42	6.09	6.41	6.52	6.8	6.22	6.72	6.28	6.77	6.16	7.03	5.69	6.58	5.78	6.45	5.77
16679064	10.92	10.18	11.11	10.35	10.61	10.22	11.04	10.48	10.94	10.3	10.69	10.33	10.7	10.27	10.81	9.9	11	10.6	11.12	10.1	10.63	10.21	11.09	10.6
17103951	4.51	4.55	4.22	5.77	4.49	6.02	4.51	5.3	4.23	5.44	4.59	5.09	3.81	5.31	4.18	4.85	4.28	5.09	3.98	5.77	4.93	5.33	4.7	5.62
16954730	7.39	6.36	7.76	6.27	7.23	6.36	7.62	6.63	7.28	6.92	6.97	6.38	7.69	7.03	8.06	7.06	7.57	6.68	8.47	6.9	7.62	6.94	7.71	6.93
16752542	4.35	2.85	5.37	3.04	3.6	3.13	4.63	3.1	4.23	2.79	3.85	4.25	4.26	2.77	4.02	3.24	4.19	2.97	4.15	3.09	4.18	2.48	3.59	2.5
16757051	7.2	5.19	6.82	3.47	5.04	4.87	6.63	4.6	6.67	4.69	5.52	6.11	7.85	3.75	7.58	4.24	7.06	4.2	7.66	5.98	7.44	5.24	6.32	4.92
16812685	7.06	6.25	7.08	6.45	7.01	6.44	7.43	6.45	7.15	6.72	6.38	6.83	7.05	6.3	7.13	6.15	7.03	6.39	7.46	6.36	6.9	6.24	7.23	6.5
16947729	4.9	3.87	5.77	4.01	4.27	3.6	4.63	3.75	4.53	4.12	4.37	3.86	5.2	4.06	4.51	4.06	5.03	3.15	4.82	3.83	4.17	3.17	4.63	4
16803469	6.19	5.06	6.55	5.61	5.82	5.72	6.56	5.37	6.17	5.13	5.96	5.78	6.17	5.32	6.8	5.28	6.3	5.06	7.83	5.77	6.32	5.55	6.5	5.78
17088230	4.06	3.52	4.23	3.14	3.74	2.94	4.21	3.95	4.02	3.75	4.17	3.19	3.78	3.64	4.28	3.38	4.23	3.69	4.79	3.26	4.11	3.78	4.41	3.48
16945821	4.06	3.22	4.5	3.24	3.11	2.83	4.13	3.11	3.72	3.01	3.82	2.9	3.56	2.77	3.38	3.01	3.96	3.14	5.12	3.33	4.03	3.1	4.17	3.14
16795390	3.82	2.64	4.12	2.55	3.93	1.68	3.84	2.45	3.26	2.63	3.84	2.7	3.07	3.17	2.93	2.41	3.59	3.43	3.71	1.86	2.76	2.19	3.64	2.28
16728785	4.76	3.58	4.73	4.24	4.88	3.43	4.75	3.73	4.19	3.36	5.24	3.8	3.37	3.63	5.18	2.94	5.02	4.1	5.23	3.23	4.35	4.14	4.92	3.82
17062955	4.77	5.85	4.88	5.89	5.11	5.98	5.08	5.97	5.32	5.63	5.57	5.54	5.23	5.69	5.14	5.54	5.19	5.94	5.4	6.44	5.59	5.96	5.63	6.12
16846543	5.33	4.25	4.67	4.31	5.62	3.48	4.74	4.86	5.32	4.44	5.51	3.81	5.41	4.77	5.29	4.32	5.54	4.09	5.03	3.1	4.29	4.13	5.33	4.29
16765963	6.45	5.27	6.26	5.78	6.41	5.41	6.72	5.99	6.35	6.03	6.1	5.74	5.89	6.15	6.6	5.64	6.07	5.77	6.16	5.45	6.37	5.45	6.13	5.58
16850609	8.98	7.73	9.34	7.09	8	8.44	9.16	8.1	8.82	7.96	8.5	8.86	9.24	8.19	9.49	7.91	9.15	8	10.19	8.47	9.11	7.8	9.53	7.96
16683493	7.13	5.94	7.92	6.36	7.07	6.43	7.56	6.8	7.28	6.39	7.07	7.22	7.16	6.73	7.29	6.04	7.19	6.69	8.49	6.82	7.4	6.59	7.78	6.82
16970132	8.81	7.47	9.1	6.86	7.58	7.63	8.61	7.43	8.99	7.01	8.42	8.4	8.61	6.09	9.09	7.44	8.84	7.32	9.75	8.87	8.72	7.02	8.87	7.78
16691333	9	7.79	9.38	7.77	8.33	7.76	9.02	8.06	9.16	7.9	8.08	9.53	9.09	7.35	8.87	7.67	8.93	7.43	9.87	6.89	8.73	7.71	9.23	7.59
16817320	5.95	4.68	5.24	4.39	5.26	4.59	5.98	5.14	5.89	5.19	5.66	5.26	5.07	5.26	5.57	4.45	5.31	4.8	5.54	4.31	5.55	4.91	5.26	4.68
16848318	7.4	7.99	7.72	8.49	7.5	8.96	7.06	8.02	7.24	7.85	7.65	8.31	7.65	7.75	7.69	8.4	7.29	7.79	7.41	8.54	7.54	8.08	8.07	8.6
16905528	2.84	3.76	2.8	3.35	2.99	4.23	2.98	3.83	3.38	3.64	3.44	4.84	3.53	3.17	3.2	4.3	2.99	3.66	2.73	4.38	2.92	3.58	3.09	4.05
16759920	2	1.27	2.1	1.51	1.76	1.46	2.57	1.7	1.77	1.18	1.44	1.6	2.21	1.19	1.75	1.54	2.21	1.48	2.27	1.44	2.79	1.19	2.17	1.68
16869299	5.92	4.71	5.25	4.27	5.09	5.13	6.04	5.07	5.66	4.85	4.74	4.12	5.1	4.68	5.59	4.41	5.89	4.72	5.64	5.09	5.57	4.57	5.68	5.16
16877795	5.39	4.46	5.04	3.84	5.07	3.52	5.36	3.8	4.71	4.49	4.45	4.23	5.29	4.74	4.85	4.35	5.01	4.46	6.14	3.95	4.99	4.63	5.09	4.68
16660745	3.15	2.69	3.65	2.69	2.93	2.8	3.76	3.21	3.54	2.53	3.74	2.97	3.4	2.96	3.15	2.67	3.3	2.76	4.37	3.31	3.43	2.43	3.84	2.89
17121832	3.53	3.38	3.77	4.07	3.63	4.58	3.68	3.89	3.32	3.88	3.57	4.62	3.3	4.13	3.24	3.99	3.28	4.14	3.05	4.14	3.28	3.74	3.34	3.84
16913014	6.1	5.01	6.41	3.78	4.31	3.16	6.08	5.03	6.55	4.62	5.11	4.63	5.23	4.5	5.24	4.01	5.82	4.86	6.62	4.97	6.02	4.44	5.06	4
17058878	5.67	5.17	6.18	4.9	4.99	4.99	5.67	4.82	5.46	4.91	4.92	4.24	5.51	5.05	5.55	4.45	6.12	4.94	6.59	4.83	5.53	5.31	6	4.79
16809645	4.08	4.26	3.98	4.99	4.04	5.23	3.65	4.38	3.83	4.54	4.19	5.36	4.13	4.27	3.57	4.1	3.48	4.04	3.94	4.62	3.73	4.69	4.08	5.02
16919072	4.86	4.31	5.13	4.08	4.28	3.73	4.43	4.26	4.83	4.16	4.51	4.14	4.8	4.46	4.78	3.99	5.03	4.1	5.06	4.56	4.65	4.66	4.92	4.09
16900124	1.81	3.08	2.14	2.9	2.51	2.85	1.89	2.98	1.2	2.45	1.79	3.48	2.79	2.84	1.85	2.7	1.9	2.55	2.5	2.51	2.52	3.1	2.44	3.12
16702254	6.14	5.22	6.36	5.04	6.52	5.72	5.97	4.69	6.03	5.61	5.94	6.17	6.41	5.12	6.64	6.27	5.9	4.96	6.55	5.3	6.12	5.63	5.87	5.37
16937152	6.55	5.31	6.75	5.1	5.98	4.57	6.22	5.5	6.03	5.38	6.19	4.76	5.08	5.17	5.21	4.79	6.15	5.73	7.09	3.92	6.2	5.42	6.61	5.61
16912965	6.61	5.83	6.23	5.35	6.19	5.1	6.88	6.17	6.88	6.02	6.09	4.45	5.94	6.17	6.01	5.46	7.12	5.69	6.46	5.25	6.46	5.8	6.67	5.91
16888349	3.73	3.09	4.54	2.45	3	2.73	3.68	3.24	5.15	3.81	3.93	2.5	3.12	2.66	3.47	2.85	4.17	3.65	4.44	2.35	4.31	2.79	3.87	2.94
16891662	5.65	5.98	5.65	7.12	6.15	6.8	5.93	6.89	6.08	6.18	6.35	6.69	5.62	5.94	5.45	6.3	5.58	6.66	4.38	6.88	5.55	6.49	6.08	7.23
16682077	8.93	8.29	9.59	8.61	8.72	8.61	9.3	8.75	9.25	8.67	8.9	7.97	8.86	8.3	9	8.04	9.18	8.79	10.26	8.26	9.43	8.75	9.44	9.07
16886677	7.4	7.96	6.46	7.5	7.28	8.21	7.01	7.91	7.22	7.87	7.59	7.67	7.26	7.85	7.72	7.93	7.06	7.4	6.2	7.47	7.39	7.96	6.79	7.95
16861997	5.27	6.43	5.95	7.03	6.07	7.06	6.53	7.25	5.52	6.01	6.08	6.4	5.57	6.17	5.51	6.2	5.15	7.34	5.69	6.88	6.4	6.93	6.5	6.96
17012036	8.18	7.79	7.85	7.5	8.06	7.5	8.33	7.45	7.53	7.76	7.88	6.91	7.78	7.67	8.53	7.71	8.63	7.54	8.87	7.94	8.63	7.4	8.27	7.51
17069716	2.24	3.9	2.58	4.04	2.38	3.39	2.2	3.69	2.96	2.72	2.53	3.11	2.75	3.47	2.92	2.93	2.74	3.41	2.39	3.28	3.11	3.65	3.55	4.13
16812168	3.7	2.68	4.11	3.11	3.76	3.09	4.23	2.89	3.4	2.85	3.1	3.43	3.43	3.21	4.2	2.6	3.5	3.35	5.29	3.2	3.64	2.8	3.95	3.17
16896019	3.48	1.98	3.71	2.58	3.18	2.1	2.89	3.32	3.7	2.09	2.17	2.37	2.94	2.47	3.14	2.41	3.03	2.58	3.95	2.01	3.42	2.41	3.13	2.81
17125182	3.47	2.13	3.17	2.09	3.24	1.94	2.73	2.66	3.01	2.34	2.64	2.36	2.07	2.54	2.51	2	2.7	2.25	3.53	2.22	3.03	2.33	3.07	2.6
16846687	5.54	5.74	4.56	6.75	3.98	4.92	5.46	6.09	5.21	5.38	4.87	6.9	4.7	5.42	5.32	5.76	4.06	5.42	3.58	7.33	5.51	6.24	4.7	6.42
16943577	1.23	1.92	1.18	2.38	1.5	2.04	0.53	3.06	0.46	1.53	0.93	1.12	1.26	1.75	1.07	2.84	0.79	1.15	0.99	2.05	1.35	1.44	0.66	1.46
16820398	5.11	5.55	5.4	6.88	5.54	7.74	5.43	6.27	5.75	6.03	6.04	7.95	5.79	6.11	6.3	6.51	5.2	6.53	5.51	7.41	5.01	5.94	5.56	6.4
17109758	9.23	8.53	9.75	8.46	8.5	8.85	9.37	8.52	9.08	8.16	9.19	9.25	9.52	8.44	9.19	8.56	9.2	8.35	10.02	9.24	8.84	7.98	9.26	8.3
17093227	3.9	3.75	3.73	2.9	3.33	2.18	3.12	2.86	4.27	3.18	3.23	2.53	3.3	2.58	3.55	2.73	2.77	2.78	3.71	2.78	3.99	2.95	3.45	2.42
16778584	1.62	2.48	1.94	3.84	2	3.69	1.64	2.82	2.22	3.56	2.38	3.17	1.83	2.24	2.02	2.04	2.12	2.51	1.6	3.16	2.61	2.75	2.31	2.24
17020532	6.01	5.88	5.98	5.16	6	4.89	6.11	5.57	5.33	5.51	5.76	4.8	5.81	5.68	5.62	5.45	6.12	5.35	6.21	4.83	6.12	5.75	6.12	5.39
16678095	2.27	1.4	2.89	1.89	1.34	2.19	2.63	1.77	2.7	1.41	2.64	2	1.99	1.65	2.96	1.49	2.21	1.58	2.63	2.58	3.05	1.65	2.71	1.03
16723058	2.85	3.72	2.44	2.88	3.18	4.1	2.7	3.39	2.94	3.12	3.39	3.8	2.68	3.28	2.09	3.58	2.87	3.63	2.85	3.04	3.1	3.62	2.44	2.97
16770165	11.37	11	11.51	10.31	10.75	10.67	11.25	10.95	11.41	10.62	11.19	11.32	11.45	10.19	11.42	10.58	11.15	10.6	11.62	11.47	11.52	10.88	11.26	10.75
16938630	8.52	8.31	8.51	7.6	8.58	7.2	8.26	8.24	8.65	8.17	7.81	7.31	8.46	7.96	8.13	8.06	8.6	7.81	8.74	7.27	8.46	8.23	8.25	7.7
16949537	5.04	5.86	5.63	7.06	5.38	7.3	5.24	6.23	5.32	5.84	6.37	6.94	5.48	5.59	5.84	5.74	5.05	6.55	6.27	6.97	5.3	6.1	5.45	6.5
16859942	5.31	4.33	5.47	4.27	5.5	5.58	6.08	5.31	5.67	4.95	4.86	4.76	5.49	4.57	5.72	4.89	5.31	3.98	5.87	5.39	5.47	5.15	5.32	4.13
16661031	3.13	2.36	2.67	2.04	2.31	1.44	2.92	2.59	2.53	1.91	3.22	3.08	2.23	1.98	2.8	2.29	3.28	2.35	3.48	1.57	2.92	2.27	2.84	2.11
16954641	6.76	6.11	6.61	6.14	6.35	6.19	7.02	6.47	6.89	6.1	6.26	5.88	6.75	6.45	6.42	6	6.76	6.59	6.88	6.67	6.75	6.12	6.58	6.07
16867334	4.37	3.9	4.73	3.77	4.46	4.16	4.91	3.74	4.57	3.76	3.48	3.09	4.02	3.97	4.14	3.72	5.23	4.04	4.86	4.47	4.32	3.54	5.2	3.21
16938154	6.87	6.6	6.96	5.95	6.68	5.32	6.77	6.64	6.85	6.19	5.76	5.86	6.62	6.1	6.4	5.86	6.48	5.65	6.92	5.44	6.54	6.02	6.72	6.39
17125112	5.26	4.93	5.67	4.61	5.03	4.25	4.91	4.6	5.62	5.55	5.03	4.36	5.44	3.99	5.5	5.1	5.81	4.94	5.9	4.84	5.95	5.33	5.07	4.43
17011708	7.24	7.53	7.16	7.93	7.11	8.55	7.7	7.8	7.63	7.75	7.6	8.29	7.09	7.31	7.4	8.19	7.08	7.41	6.26	8.58	7.19	7.68	7.11	7.61
16929562	3.43	3.35	4.1	4.74	3.63	5.33	3.48	4.74	3.82	4.13	3.93	3.93	4.28	4.34	3.22	3.82	3.6	6.08	3.07	5.33	3.16	4.36	3.35	4.51
16737260	6.1	5.16	5.35	5.01	6.15	4.75	6	5.5	6.05	5.85	5.74	4.33	5.27	5.66	5.95	5.2	5.85	5.15	6.14	5.1	5.88	5.41	5.59	5.63
16914277	1.59	0.9	1.99	0.88	1.1	1.19	1.85	0.88	1.11	0.76	1.73	0.86	1.57	0.35	1.02	1.59	1.64	1.39	1.32	1.11	1.91	1.17	1.68	0.82
17012392	6.61	5.8	6.57	5.24	6.12	4.96	6.12	5.52	6.72	6.32	5.45	5.34	6.66	5.84	7.07	6.44	6.1	5.65	7.43	5.8	6.47	5.86	6.37	5.78
17109754	5.08	4.16	5.52	4.51	5.45	4.01	4.85	4.86	4.05	3.38	4.51	3.54	4.98	4.81	5.9	3.46	5.14	4.29	7.15	4.58	4.87	3.87	5.46	4.71
16947734	4.1	3.14	4.71	3.94	3.32	2.58	3.49	3.53	3.38	3.15	3.98	2.89	5.23	3.21	3.59	3.07	4.81	3.1	4.46	3.36	3.64	3.21	3.61	3.34
17094240	4.3	3.26	4.8	3.7	4.92	4.24	4.41	3.68	4.77	4.46	3.89	3.81	5.57	3.41	4.78	3.54	4.66	3.94	3.52	3.92	4.51	4.43	5.24	3.82
16687875	5.57	6.05	5.21	6.06	5.26	6.8	6.02	6.29	5.87	5.79	5.8	6.43	5.6	6.18	5.57	6.47	5.99	5.64	5.57	6.88	5.95	6.47	6.24	6.36
16996820	6.49	7.23	6.3	7.02	6.81	8.78	5.52	6.34	6.8	7.71	7.29	7.13	6.13	6.86	6.51	8.03	5.49	6.84	5.66	8.07	6.8	7.24	6.5	6.89
16871467	9.92	8.14	9.39	8.31	9.56	9.64	9.8	8.99	9.83	8.97	9.06	9.07	9.1	8.67	9.33	7.56	9.7	8.3	10.27	9.81	9.52	8.79	9.29	8.76
16823290	5.37	4.1	5.07	4.31	4.51	3.52	4.99	4.86	5.09	4.93	4.56	4.3	4.38	4.45	5.18	4.42	5.45	4.44	5.16	3.19	5.36	4.66	5.22	4.65
16775583	1.68	1.3	1.83	1.37	3.05	1.4	2.76	1.17	1.71	1.5	2.12	0.96	2.33	1.63	2.14	1.01	1.63	1.68	1.37	2.16	2.12	1.16	1.8	1.09
16940161	2.45	1.04	3.5	1.37	2.05	1.99	3.56	1.31	2.87	1.05	1.47	0.95	2.88	2.24	2.22	1.76	2.17	1.45	5.11	3.08	4.23	1.89	2.8	1.49
16987073	5.29	4.79	5.82	4.81	5.4	3.03	4.76	4.59	5.29	5.23	5.39	3.82	5.09	4.2	4.92	5.14	4.97	3.82	5.68	4.35	5.28	4.91	5.59	5
16952990	4.95	4.24	5.21	3.9	3.84	2.74	4.16	4.1	4.53	3.76	3.81	3.97	4	3.54	4.01	3.46	4.2	3.31	5.37	3.63	5.02	3.9	4.41	3.83
16917849	4.01	3.08	4.23	3.21	3.83	3.35	4.17	3.65	3.63	3.29	4.02	3.62	3.63	3.18	3.66	3.16	3.12	3.68	3.97	3.14	3.51	3.11	3.49	3.2
17093463	5.97	6.34	5.57	6.76	6.07	7.5	5.97	6.11	6.29	6.53	5.81	6.31	6.07	6.86	5.81	6.37	6.12	6.79	5.53	8.05	6.89	6.84	6.3	6.74
16829688	4.6	4.45	4.61	3.67	4.52	3.9	4.5	3.7	4.67	3.93	5.02	4.1	3.81	3.98	5.1	4.27	3.95	3.63	4.62	3.78	4.24	3.9	4.8	4.48
16963241	6.49	6.16	6.6	5.75	5.77	4.42	6.79	6.11	6.62	6.33	5.78	5.33	6.58	6.39	7.11	6.13	7.36	5.78	6.9	4.23	6.23	5.5	7.27	5.92
16997141	2.01	1.19	1.47	1.04	1.57	1.22	2.5	1.54	2.79	1.27	2.28	1.53	1.32	1.72	1.89	1.57	1.49	1.14	3.04	1.42	3.1	1.24	1.87	1.62
16834395	5.52	4.84	5.31	4.48	5.1	4.6	5.34	4.94	4.88	5.02	4.31	4.11	4.97	5.02	5.04	4.17	5.05	4.41	5.5	4.06	4.89	3.9	5.03	4.48
16938645	3.88	4.36	4.94	2.48	3.45	1.1	3.79	2.52	3.78	4.28	4.63	3.38	3.47	3.34	3.79	1.99	4.86	2.82	5.59	2.97	3.72	3.29	3.74	1.55
16707631	4.28	4.89	4.31	6.3	4.11	6.78	4.23	5.08	4.72	4.69	4.8	7.45	5.01	5.15	4.8	4.66	3.69	4.64	3.84	6.74	4.48	4.94	4.04	4.99
16707882	0.69	1.32	0.87	2.05	1.04	2.41	0.95	1.86	0.56	3.26	0.92	1.6	1.25	1.46	0.53	0.63	0.97	2.36	0.75	1.66	1.22	0.91	0.94	1.14
17120468	0.6	1.31	0.83	1.16	0.69	1.13	0.76	1.25	0.74	0.66	0.65	0.84	0.53	1.04	0.44	0.53	0.7	2.18	0.94	2.19	0.34	2.13	0.88	1.85
16697909	8.31	7.17	8.19	6.77	6.73	5.35	7.7	7.43	7.82	7.11	7.35	7.23	7.52	6.62	7.72	7.17	7.38	6.82	8.31	6.98	7.73	7.39	7.51	6.93
16685777	2.64	2.24	2.28	3.04	2.09	2.94	2.74	3.45	1.9	4.34	2.9	3.32	2.6	2.77	2.1	4.24	3.05	2.82	2.04	2.42	1.84	3.39	2.34	3.37
16777224	7.37	6.25	7.87	5.35	6.14	6.64	6.97	5.92	7.09	6.02	6.63	6.55	6.77	5	6.84	5.76	6.95	6.04	8.58	7.67	7.31	6.19	6.77	6.13
16914901	2.58	2.26	1.65	2.28	2.05	2.29	1.08	2.74	1.26	3.39	1.48	1.8	1.6	2.31	1.96	1.8	1.46	2.24	2.14	1.91	1.63	2.78	1.53	2.75
16949562	1.91	1.79	1.09	2.76	1.82	2.3	1.11	2.9	1.65	2.32	1.13	2.47	1.28	1.23	1.59	1.26	1.45	1.92	2.04	2.82	1.3	1.93	1.05	2.23
16758130	6.07	4.7	5.38	4.71	5.83	4.65	6.39	5.97	6.11	5.36	5.67	4.32	5.57	5.88	5.57	5.3	5.9	5.67	5.91	4.06	6.06	5.33	6.15	5.65
16920036	1.25	1.29	1.55	1.31	1.3	1.25	2.16	0.92	2.19	0.74	0.7	1.07	1.49	1.44	2.4	1.19	1.58	1.04	2.66	0.88	2.59	1.01	2.28	1.49
16984182	3.18	3.48	2.53	2.63	2.58	4.54	2.44	4.35	2.77	3.57	3.88	2.78	2.55	3.71	2.57	4.42	2.08	3.46	2.16	3.26	3.39	4.11	2.14	2.84
16792998	2.62	2.98	3.12	3.32	2.95	2.7	2.42	3.55	2.76	3.47	2.54	3.02	2.59	3.4	2.48	3.71	3.11	3.63	2.83	2.89	2.42	3.14	3.41	3.67
17004455	2.11	1.22	2.54	2.07	2.34	1.41	2.33	1.81	1.95	1.6	1.39	1.48	1.27	1.56	2.3	1.31	1.7	1.44	1.96	1.44	2.51	1.42	1.93	1.17
16989863	3.32	4.16	4.71	5.48	3.88	5.12	3.85	4.56	3.53	4.52	3.87	5.46	3.75	4.29	4.76	4.99	3.65	4.64	4.29	4.37	4.36	4.22	3.57	4.29
16664978	4.67	3.24	4.14	1.97	4.04	3.46	3.26	2.63	3.81	3.32	2.18	4.26	3.88	2.68	3.39	2.06	4.67	2.14	4.79	3.45	3.88	2.4	4.38	2.74
16705961	5.23	6.18	5.7	6.69	5.61	5.93	5.6	6.35	4.62	5.19	4.89	6.1	4.91	5.4	4.86	5.96	4.88	5.54	4.58	6.32	6.23	6.4	6.09	6.38
16698556	7.65	6.47	7.39	6.17	7.14	6.3	7.14	6.7	7.65	7.26	6.57	6.38	7.13	6.83	7.43	6.81	7.43	7.19	7.86	7.24	7.44	7.25	7.14	6.61
17061296	1.37	3.57	2.56	3.15	1.89	1.86	1.38	2.67	2.12	2.6	2.11	2.2	1.68	2.38	1.19	3.57	1.18	1.97	1.3	2.38	2.3	2.57	1.69	1.56
16839796	3.48	2.85	3.43	2.54	3.25	3.15	2.56	2.46	2.4	2.42	2.59	2.62	3.53	2.21	3.62	2.02	2.47	2.38	4.71	2.35	3.76	2.12	2.82	2.1
16757110	3.12	1.87	2.47	2.75	2.54	2.05	2.43	1.85	2.34	2.02	2.2	1.67	2.96	2.41	3.3	2.83	2.82	2.09	2.78	2.29	3.15	2.14	2.92	2.57
17088995	2.52	1.32	1.93	2.02	1.61	1.91	2.71	1.78	2.24	0.98	1.84	1.12	1.78	1.54	2.72	1.7	0.83	1.6	3.1	1.39	2.35	1.15	2.84	1
17125288	4.15	3.94	4.94	3.79	4.86	3.59	3.76	3.75	4.78	4.79	4.09	3.61	4.75	3.63	4.71	4.49	4.27	3.29	4.97	4.12	5.52	4.34	4.26	3.67
16682771	1.98	2.5	2.68	3.94	2.3	4.21	1.9	2.43	2.47	3.79	2.5	3.03	2.61	2.29	2.15	3.54	1.65	3.36	2.46	2.21	2.78	5.28	2.48	3.14
16812933	2.66	2.06	3.4	2.03	1.94	2.03	3.01	1.66	3.34	1.99	2.29	2.03	2.41	2.37	2.44	1.87	2.63	2.16	3.13	2.66	2.92	2.63	2.36	2.33
16752624	8.48	8.14	8.57	6.78	8.13	4.99	8.3	7.78	8.6	8.14	8.42	7.09	8.35	8.23	8.18	7.94	8.66	7.72	8.29	5.71	7.64	7.45	8.49	7.5
16867784	6.52	6.97	6.5	7.95	5.9	8	6.88	6.5	6.95	7.66	7.57	8.43	6.66	6.99	6.46	6.83	6.78	7.56	6.2	7.16	7.11	7.67	5.97	6.9
16978873	1.93	1.65	2.73	1.31	1.96	1.42	2.57	1.71	1.63	1.33	1.43	1.38	1.67	1.71	1.95	1.21	3.25	1.96	2.52	1.37	1.54	1.38	1.98	1.39
17015972	3.79	3.54	3.6	3.21	3.73	2.92	3.12	3.34	3.73	2.82	4.5	3.66	3.92	3.44	3.91	3.95	4.11	2.78	3.99	2.96	3.28	3.12	3.91	3.49
16928967	2.35	2.53	3	2.08	2.67	2	2.11	2.21	3.1	2.25	2.2	2.05	3.22	2.71	2.89	2.77	3.3	2.4	3.08	2	2.95	2.04	2.51	2.26
16677391	5.4	4.69	6.02	4.62	4.4	4.44	5.11	4.61	5.94	4.67	4.51	4.35	5.07	4.55	5.56	4.33	4.88	4.54	6.21	5.66	5.25	4.45	4.95	4.2
16949988	2.5	2.24	4.77	2.9	4.94	2.37	3.48	2.68	2.07	1.97	2.68	2.26	3.67	2.37	4.52	2.55	2.47	2.1	4.53	1.77	3.33	2.25	1.89	2.08
16967631	5.15	4.77	4.58	3.86	4.73	3.82	4.77	3.88	5.13	4.87	4.61	4.24	4.36	4.84	4.61	4.16	5.81	4.03	4.12	3.58	5.02	4.11	4.9	4.29
16724849	6.23	6.16	7.44	6.76	7.99	4.79	7.68	7.02	7.25	6.64	7.8	6.46	7.34	7.17	7.17	6.63	7.45	6.64	7.35	6.26	6.46	6.51	7.87	7.21
16953021	6.87	6.16	7.54	6.02	5.88	3.34	6.04	6.77	6.95	5.67	6.21	5.68	6.54	5.91	6.71	5.85	6.76	5.61	8.27	5.97	7.03	6.34	6.76	5.95
16696531	3.78	4.43	4.56	5.2	3.6	5.75	3.9	4.57	4.96	4.96	4.76	5.64	4.58	5.19	4.76	4.35	4.31	5.44	4.08	5.35	4.38	4.46	4.74	4.89
16987087	4.46	3.26	5.24	3.65	4.52	4.06	4.65	4.16	4.84	5.01	4.02	4.46	4.57	4.33	4.43	3.88	4.6	3.89	5.02	4.03	4.21	3.21	4.27	3.47
17117416	3.37	3.76	3.63	2.86	3.11	3.04	3.45	2.97	3.97	2.58	3.7	3.19	2.83	2.69	3.07	2.16	4.13	2.34	3.92	2.62	4.12	3.47	4.02	3.64
16670454	6.74	3.98	5.27	3.02	4.8	2.03	5.45	4.45	6.24	6.56	5.03	2.76	4.97	4.37	5.02	4.99	7.27	4.04	4.03	2	5.45	4	3.91	3.34
17003401	5.75	5.56	4.55	5.08	5.32	5.78	5.81	5.41	4.17	5.34	5.07	5.31	4.45	5.1	5.23	5.31	4.42	5.98	4.69	5.96	4.66	5.55	4.69	5.62
16701775	4.48	3.74	4.36	3.62	4.84	3.48	4.41	3.61	4.73	4.41	3.76	2.95	4.39	4.39	4.62	4.59	4.41	3.06	4.5	4.32	4.48	4.14	4.22	3.81
17084669	6.62	5.2	6.17	5.26	6.64	5.36	7.27	6.47	6.14	6.02	5.65	5.31	5.58	6.02	6.48	5.32	6.3	6.06	5.98	5.08	5.79	5.42	6.12	5.58
16911804	6.39	6.65	5.2	5.52	6.17	6.17	5.55	6.54	6.11	6.92	6.07	6.83	6.56	7.57	5.72	6.39	6.02	6.58	5.67	6.57	5.53	6.29	6.41	6.93
16680017	6.44	5.56	6.33	5.05	6.22	3.89	6.62	5.6	6.44	6.23	6.4	3.9	6	6.34	6.12	5.63	6.34	6.18	5.53	4.54	6.86	5.96	6.84	6.31
16740950	3.19	2.83	3.47	2.88	2.08	4	2.85	4.25	3.4	4	1.99	3.27	2.17	4	3.09	3.96	3.22	3.39	3.05	3.17	2.41	4.04	3.77	3.64
16961872	3.44	3.93	3.86	4.58	3.82	4.57	3.67	4.6	3.05	3.49	3.94	6.41	4.74	3.82	3.37	4.14	3.54	4.81	3.11	5.71	3.79	4.38	4.5	5.27
17016221	5.58	4.77	6.13	5.46	5.17	5.12	5.7	4.61	5.24	4.65	4.73	4.79	5.64	4.45	6.09	5.19	5.23	4.13	7.02	6.03	5.61	4.58	5.14	4.63
16953012	5.56	4.71	5.85	4.45	4.16	2.61	4.9	4.82	4.71	4.04	4.67	4.5	4.42	4.13	5.24	4.65	4.79	4.23	6.45	4.18	5.51	4.99	5.53	4.47
16731441	5.94	6.32	6.04	6.62	6.18	6.45	6.32	6.71	6.14	6.36	4.74	5.55	5.49	6.33	5.13	6.03	5.48	6.81	5.69	6.88	6.52	6.81	6.37	6.68
16771045	2.29	1.78	1.86	2.73	1.79	3.2	2.11	2.83	1.66	2.03	2.17	3.52	1.99	1.61	2.3	3.04	1.42	2.98	1.89	2.77	1.87	2.57	2.89	2.95
17125246	3.3	3.07	3.89	3.16	3.93	2.78	2.88	2.94	3.86	3.73	2.84	2.62	3.85	2.98	3.62	3.29	3.36	2.65	3.8	3.27	4.33	3.43	3.38	2.76
17060543	5.07	5.67	5.11	6.5	5.84	6.48	5.69	6.47	4.96	5.44	5.41	5.85	5.79	6.32	5.87	5.16	5.03	5.93	5.83	6.57	5.3	5.82	5.93	6.76
17005167	4.17	4.67	3.2	4.3	2.54	4.28	2.69	4	3.71	4.18	3.61	4.14	3.99	4.58	3.93	3.94	3.54	3.3	2.92	4.99	3.42	4.16	4.11	3.43
16989568	6.55	6.7	6.21	4.31	7	4.74	6.63	6.08	6.43	5.91	5.35	4.4	6.27	6.11	6.53	5.65	6.36	5.3	6.93	4.68	6.2	6.5	6.14	6
17072159	5.98	6.37	5.75	6.96	6.23	6.98	5.68	6.2	5.31	5.89	6.35	6.29	5.6	5.86	6.43	6.88	5.3	5.87	5.61	6.65	5.89	6.53	6.48	6.86
16859698	6.01	6.39	5.79	6.77	6.57	7.71	6.84	6.96	5.65	5.62	5.63	6.24	5.87	6.27	5.38	6.27	5.27	6.38	5.94	7.6	6.24	6.91	6.52	7.34
16729838	1.31	0.92	2.03	0.84	2.17	1.35	2.13	1.52	2.15	1.22	1.01	0.96	1.95	1.23	1.15	1.72	1.27	1.27	2.05	1.17	2.31	1.53	1.32	0.75
17120960	3.56	2.91	4.04	2.35	3.35	2.24	3.45	2.83	3.89	3.3	2.55	2.23	2.95	2.51	3.59	2.66	2.72	2.64	4.28	2.95	3.37	3.78	4.68	3.38
17119356	2.23	2.71	3	3.64	2.03	3.41	2.25	2.62	2.37	3.48	2.66	3.2	1.83	3.48	2.93	3.17	2.59	3.06	2.51	3.55	3.69	2.85	3.37	3.41
16976300	8.38	8.22	8.82	7.42	7.11	5.57	8.03	7.93	8.65	7.69	7.83	6.43	8.24	7.11	8.48	7.98	8.36	7.6	9.21	7.59	8.43	8.17	8.24	7.93
17062971	2.35	3.02	1.77	2.94	2.11	2.45	1.58	2.38	1.1	1.91	2.13	1.82	1.92	3.27	2.5	2.48	2.28	2.83	2.41	3.45	1.47	3.36	3.02	2.8
16963113	7.87	9.22	8.68	8.85	7.97	9.12	7.97	8.77	9.24	8.87	8.76	9.18	8.26	8.84	7.43	8.31	8.4	8.94	8.51	8.58	8.52	8.9	7.75	8.25
16687618	7.48	5.72	7.77	6.61	6.58	5.28	7.94	7.45	7.08	6.62	6.02	5.46	7.3	7.39	7.45	5.99	6.88	6.87	7.92	6.43	7.91	7.2	7.24	6.58
16711517	2.79	3.4	2.68	4.09	2.98	5.16	2.41	3.28	2.91	2.56	3.35	5.1	3.49	3.46	3.76	4.57	2.8	3.66	3.5	6.69	3.38	4.06	2.34	3.21
17051189	4.35	4.24	3.33	4.03	3.23	3.41	2.76	3.96	2.65	4.36	3.78	4.05	3.12	3.2	3.5	4.04	3.37	4.45	3.31	3.5	3.26	3.8	3.01	3.29
17117636	0.91	2.5	1.93	2.23	0.77	2.98	1.75	2.45	1.66	1.23	2.03	2.53	1.65	1.95	1.17	2.12	1.4	1.27	1.74	2.7	1.76	1.87	0.98	1.47
17025477	1.93	1.44	2.24	1.29	2.91	1.74	1.83	2.03	2.44	1.57	2.98	3.2	1.89	1.95	2.37	1.62	2.51	1.45	2.39	1.83	1.95	1.71	3.48	1.57
16818610	6.65	5.72	6.23	4.62	5.53	4.22	6.43	6.11	6.36	5.83	5.4	4.6	6.07	6.12	5.5	5.32	5.84	5.61	6.43	4.43	6.42	6.18	6	5.42
16707601	4.08	4.54	4	2.74	3.3	2.1	3.32	3.31	4.1	3.92	4.16	2.52	3.69	2.4	3.25	2.91	4.7	3.17	4.63	2.76	3.99	3.7	4.31	4.11
16674267	1.87	2.05	2.32	2.83	2.25	1.52	1.99	1.34	1.92	1.42	1.65	1.25	1.9	1.3	2.93	1.62	2.49	1.87	2.75	2.27	2.31	1.4	2.94	1.71
17055140	3.42	3.75	2.71	3.84	3.31	4.78	3.44	3.96	3.64	4.16	3.93	4.35	3.17	2.79	3.47	4.21	3.27	3.84	3.13	4.35	3.91	4.39	3.36	3.16
16691877	3.04	3.47	1.54	1.34	2.47	1.33	1.45	1.34	0.98	3.64	1.96	3.02	1.66	2.65	2.07	3.65	1.64	4.38	1.94	2.23	1.16	4.09	2.26	4.27
16692446	3.04	3.47	1.54	1.34	2.47	1.33	1.45	1.34	0.98	3.64	1.96	3.02	1.66	2.65	2.07	3.65	1.64	4.38	1.94	2.23	1.16	4.09	2.26	4.27
16913572	5.94	5.98	6.94	7.83	5.61	6.71	6.22	6.21	6.13	7.07	6.37	7.92	6.65	7.51	6.58	7.33	5.95	6.92	5.91	7.58	7.31	6.57	6.75	6.95
17120450	2.4	2.8	2.1	4.27	2.36	5.54	2.69	3.23	2.14	2.2	2.83	5.27	3.32	3.3	3.25	3.5	2.43	3.32	3.4	6.73	2.85	3.87	2.26	2.57
16875599	11.3	10.88	11.58	10.54	9.96	9.83	11.2	10.78	11.53	10.41	10.93	11.07	11.32	10.03	11.31	10.42	11.03	10.44	11.65	11.64	11.35	10.81	10.99	10.4
16684087	1.14	1.24	1.02	2.37	1.22	2.93	0.7	2.08	0.67	2.28	1.51	1.01	1.37	2.02	0.9	1.86	1.01	2.18	2.05	1.45	1.45	1.36	2.17	1.97
16909520	7.39	7.27	8.35	8.85	7.13	7.74	7.08	8.02	7.52	8.68	7.82	8.78	7.79	8.04	7.89	8.55	7.5	9.08	7.25	8.27	7.36	7.28	7.38	7.49
16839443	3.34	3.78	3.75	3.08	2.33	3.08	2.44	3.79	2.26	3.77	2.1	3.46	3.4	2.96	2.54	3.15	3.39	2.92	2.7	4.47	3.19	3.66	3.07	3.95
16827227	4.16	4.62	4.94	6.99	4.92	7.34	5.01	5.94	4.85	4.59	5.72	7.1	5.96	5.18	4.95	5.29	4.58	6.6	6.07	7.36	5.62	5.96	4.79	6.57
16800702	2.68	2.87	2.75	2.59	3.2	2.14	3.58	1.85	3.01	2.07	2.17	1.66	3.63	1.55	2.35	2.41	2.96	2.26	3.13	1.65	2.28	2.59	3.14	3.51
17018497	6.13	7.16	6.75	7.46	6.92	6.97	6.47	7.45	6.78	6.94	5.95	5.97	6.6	6.81	5.92	7.09	6.09	7.4	6.4	7.3	7.24	7.62	7.5	7.75
16736798	1.89	2.68	2	2.16	2.28	3.08	2.02	2.36	3.04	2.71	3.04	3.46	2.09	2.18	2.55	2.98	1.92	2.36	1.95	3.96	2.17	3.3	2.15	2.98
16746217	4.29	4.54	2.1	3.54	3.58	4.84	4.64	3.22	3.04	4.21	3.35	4.37	3.02	4	3.82	3.2	3.23	4.17	3.82	4.7	3.2	4.79	2.04	4.3
16688195	3.5	3.24	3.62	4.57	3.25	5.03	2.84	3.76	2.56	3.82	4.41	4.55	2.74	3.55	3.13	4.31	4.56	3.62	3.93	5.02	2.85	3.59	3.16	4.52
16953024	10.9	10.4	11.12	9.71	9.62	6.97	10.48	10.23	10.88	9.81	10.02	9.33	10.81	9.95	10.56	10.23	10.26	9.99	11.07	8.74	10.86	10.48	10.4	10.23
16853855	2.79	2.79	2.23	3.33	3.25	3.24	2.18	3.59	3.1	3.92	2.68	2.34	2.75	2.82	3.13	3.88	2.18	2.57	2.32	2.84	2.48	3.7	2.49	3.2
17117533	5.58	6.48	5.67	6.21	6	5.35	5.68	6.06	5.02	5.55	4.67	6	4.85	5.08	4.53	6.27	5.62	5.85	4.6	6.21	5.77	6.26	6.25	6.42
16824548	4.56	4.55	5.19	5.37	3.5	5.78	4.92	5.01	3.43	4.88	3.72	4.98	4.43	5.07	4.54	4.24	4.29	4.72	4.35	5.44	5.04	5.17	5.1	5.43
16892288	5.26	5.67	5.9	7.87	5.06	9.33	5.58	5.91	6.46	5.47	6.11	8.4	7.32	7.06	5.7	5.3	5.59	6.71	4.88	9.67	4.65	6.24	5.53	6.78
17054436	2.65	2.83	2.56	2.96	1.79	2.09	1.49	1.82	1.34	2.46	1.89	3.11	1.59	2.56	1.56	2.7	2.88	2.84	1.27	2	2.12	2.81	2.65	2.67
16951046	6.07	4.67	5	4.09	5.05	3.51	5.7	5.44	5.58	5.48	5.68	4.56	4.81	5.69	5.41	4.49	5.3	5.2	5.42	3.53	5.38	5.21	5.17	4.54
16700125	2.43	1.65	2.88	3.08	2.01	1.32	1.82	2	3.17	2.12	1.93	1.96	3.07	1.78	2.51	2	2.68	1.33	2.48	1.9	2.16	1.57	1.93	1.74
17125286	2.39	3.17	2.92	2.11	3.28	2.27	2.64	2.18	3.69	3.47	3.08	2.03	3.64	1.91	3.3	3.24	2.78	1.94	3.55	2.76	3.78	3.07	2.62	2.01
17092579	2.51	3.03	2.89	3.85	3.15	4.57	3.12	3.73	3.79	2.43	3.55	3.79	2.79	3.23	2.81	3.03	2.82	3.65	2.61	3.86	2.7	3.73	3.09	3.54
17012045	3.29	5.01	3.12	4.18	4.69	4.3	4.41	5.04	3.19	3.38	2.45	4.12	3.22	4.29	4.68	4.54	3.9	4.56	3.21	5.17	3.64	3.73	4.55	5.29
16663051	2.19	1.72	2.86	1.3	2.81	1.56	2.39	1.38	1.28	1.44	1.88	1.68	3.05	1.73	1.38	0.99	2.02	2.56	2.05	1.63	2.37	1.39	1.7	1.8
16870978	0.65	1.82	0.66	0.45	1.17	1.71	0.97	1.44	0.55	1.48	0.34	1.59	1.15	1.19	1.7	1.62	1.41	1.76	0.67	1.89	0.98	1	1.25	1.3
16702175	5.85	7.32	5.95	8.33	6.57	6.21	5.6	6.72	6.7	6.96	5.97	5.35	6.95	7.79	7.56	7.05	4.67	7.25	6.2	7.03	6.47	6.89	5.6	7.58
16945868	1.24	0.98	1.36	1.11	2.26	0.7	1.88	0.75	1.55	0.66	1.83	1.01	0.91	0.85	1.31	0.79	1	0.57	0.85	0.64	1.74	0.79	1.04	2.11
16954947	8.14	6.48	7.42	6.91	7.83	8.27	7.85	7.05	7.62	7.34	7.36	7.73	7.31	7.07	8.19	6.73	8.44	6.99	9.55	7.44	6.77	6.18	7.37	6.88
16709050	2.13	2.08	1.93	1.18	1.78	1.91	3.68	2.35	1.57	2.65	3.19	2.02	3.09	1.46	2.85	1.8	2.37	1.93	1.99	2.08	3.59	2.09	3.16	1.71
16916605	2.08	2.01	2.16	4.76	2.14	2.77	1.87	2.68	1.69	3.46	2.1	3.15	3.64	2.97	2.3	2.14	2.52	3.13	1.4	2.4	2.23	3.14	2	2.35
16788685	2.83	3.97	4.34	4.21	2.06	4.19	3.35	4.46	3.69	4.61	3.15	4.58	4.67	4.49	3.09	4.27	3.58	2.93	3	4.27	3.38	3.92	3.85	3.37
16980762	4.2	6.37	2.44	4.92	2.01	4.42	2.86	2.96	3.59	4.83	3.51	5.4	2.87	3.39	2.55	4.6	2.6	3.57	2.91	3.56	4.81	3.34	3.91	3.45
16859763	2.87	3.91	3.47	3.37	2.84	3.43	2.21	2.54	1.59	2.7	4.07	5.19	3.02	2.89	2.68	3.54	2.09	3.25	2.11	3.13	1.76	3.69	2.29	2.96
16687726	3.86	3.04	3.5	1.98	2.84	1.49	2.87	2.01	4.1	2.38	2.63	2.43	2.31	2.21	2.71	3.28	3.24	3.29	3.54	2.19	3.16	2.96	3.2	3.08
16700713	5.36	4.84	5.87	6.43	4.69	5.79	5.02	6.18	5.96	6.06	5.91	7.06	5.25	6.43	5.27	6.26	5.58	6.15	5.04	6.15	6.25	5.79	5.77	5.68
16844674	4.48	3.14	4.26	2.71	5.15	3.65	5.41	4.48	4.81	4.13	2.81	4.34	3.85	4.13	4.06	2.69	3.82	2.97	5.36	4.13	4.11	2.32	4.79	4.12
16895111	3.16	3.12	3.14	4.4	3.57	7.65	4.48	4.17	3.94	4.54	3.24	7.01	4.43	3.62	2.7	3.83	4.66	4.92	3	6.63	3.65	4.82	4.08	4.03
16907038	3.21	4.48	2.78	3.42	2.94	4.94	2.55	2.66	1.73	2.7	3.52	4.31	2.44	3.92	3.5	4.24	3.16	3.2	1.94	3.31	2.56	1.78	2.48	3.79
16687899	3.73	4.39	3.2	4.63	3.73	7.87	4.62	5.08	3.14	3.85	5.64	8.44	5.59	3.91	3.75	4.06	3.71	4.76	3.72	6.34	3.54	4.67	2.8	5.36
17025973	4.23	3.11	4.18	2.14	3.6	1.78	3.45	3.27	4.27	4.49	3.78	2.25	3.39	3.16	4.13	2.88	2.88	3.13	2.84	1.67	3.18	2.57	3.05	3.55
16804157	1.95	1.3	1.68	0.98	2.31	0.93	1.76	1.14	2.18	1.69	1.72	1.88	1.59	2.1	2.67	1.29	2.32	2.04	0.68	0.94	2.13	0.96	2.65	1.75
16918569	5.31	5.46	5.49	5.99	5.89	6.65	6.46	7.29	6.05	6.79	6.03	5.32	4.88	6.43	5.3	6.06	5.56	7.14	5.18	6.02	6.81	7.11	6.08	6.76
16906471	5.84	7.12	4.51	5.86	5.93	5.7	6.17	6.67	5.67	6.4	6.61	6.86	5.62	6.39	5.92	7.43	5.69	6.61	4.48	5.16	6.73	6.85	6.28	7.33
16790917	3.83	1.33	3.44	0.96	1.35	1.89	2.49	2.41	2.39	1.55	2.15	1.91	1.79	1.18	2.54	1.47	1.57	0.88	4.38	3.57	3.23	2.2	2.44	1.48
16780271	4.07	5.05	4.73	5.74	4.91	5.72	4.61	5.72	4.96	3.95	4.14	5.3	4.78	4.83	3.99	4.7	4.39	3.9	4.52	5.99	4.65	4.96	4.57	5.46
16708007	8.47	6.48	9.03	7	6.01	9.29	9.08	5.91	8.97	6.5	7.27	7.7	8.23	5.56	9.85	8.62	9.04	7.47	10.53	9.63	8.77	7.49	9.45	7.43
16988728	4.5	4.76	4.49	4.57	5.55	6.48	4.86	5.7	4.23	5.07	4.48	6.87	5.85	5.22	5.48	5.92	4.23	4.8	4.96	6.03	4.67	5.27	4.7	5.45
16829728	6.97	7.06	6.37	5.9	6	5.15	6.81	6.19	7.03	6.84	6.81	5.6	6.99	6.64	7.09	6.96	6.84	6.09	6.92	5.89	6.73	6.66	6.86	6.32
17093681	5.93	6.8	4.52	5.66	5.9	6.18	6.19	6.7	5.83	6.97	6.6	6.43	5.45	6.69	6.54	7.42	5.99	6.5	5.08	5.78	6.83	6.83	6.18	6.54
16884301	1.59	1.88	2.26	1.3	1.13	2.54	1.59	3.3	1.8	1.83	2.42	2.73	1.44	1.91	0.96	3.24	2.27	1.75	1.56	2.68	1.05	1.9	2.37	3.11
16676150	5.84	7.52	7.48	8.19	6.7	8.08	7.4	8.07	6.28	6.92	6.89	7.5	6.74	7.05	6.09	7.32	6.53	8.28	7.31	8.12	8.31	8.51	8.99	8.71
16688330	1.83	3.4	1.98	1.27	2.17	1.75	2.85	3.18	1.83	3.38	3.23	3.9	2.54	2.15	2.48	3.69	1.32	2.11	2.15	3.07	0.93	3.52	1.13	2.75
16944926	3.69	3.54	4.47	2.45	2.9	1.2	3.49	3.76	3.75	3.08	2.85	2.84	3.61	2.31	3.88	3.47	3.1	3.69	5.02	2.72	2.75	2.63	3.84	2.81
17033894	2.57	2.19	3.23	2.12	3.32	2.25	2.41	2.48	3.45	2.91	1.75	1.75	3.31	1.95	2.38	3.18	3.12	2.35	2.44	2.4	2.9	2.24	2.93	2.12
17023810	6.34	5.45	5.82	4.61	5.25	4.49	5.12	4.34	5.87	6.14	6.2	5.21	5.71	5.64	5.24	5.44	6.39	5.25	6.09	4.64	4.92	4.69	4.68	4.37
17044793	1.64	3.09	3.42	2.47	2.13	2.57	1.72	3.12	1.76	2.12	2.03	3.32	2.53	2.79	3.33	2.93	2.44	2.71	2.85	2.94	1.82	3.52	2.13	2.73
16694357	3.89	4.42	5.25	5.63	4.4	4.17	3.68	4.21	4.11	4.79	5.21	5.89	4.09	5.3	4.34	5.23	4.41	4.66	4.54	5.52	4.56	4.71	4.5	5.03
17122198	1.73	1.6	2.17	3.81	2.38	3.73	2.21	2.64	2.58	3.12	3.33	3.46	2.24	2.09	2.38	3.79	1.84	2.53	1.09	2.11	1.93	3.02	2.34	2.46
16846587	6.04	6.05	5.66	7.62	5.55	6.41	5.77	5.23	5.02	6.31	6	6.91	6.01	4.86	5.83	5.38	4.87	7.26	4.52	5.61	5.53	6.51	5.42	6.68
17019543	3.28	2.21	2.91	1.65	1.84	1.89	2.47	1.78	2.63	2.89	1.52	1.81	2.74	2.27	2.32	1.78	2.39	2.35	3.04	1.84	2.39	1.79	2.49	2.28
16836624	1.97	2.43	2.7	3.64	2.57	4.39	2.55	3.3	1.89	3.07	2.27	5.08	3.89	2.28	3.18	4.05	3.11	2.56	2.03	3.96	3.31	3.31	3.16	3.68
17119758	2.76	4.17	3.39	3.06	1.86	3.57	3.02	2.31	1.41	2.69	2.61	3.61	3.91	2.63	2.76	3.54	3.15	3.6	1.66	4.24	3.39	3.45	1.75	3.52
16678320	3.4	2.65	3.83	2.67	3.07	1.64	1.64	1.75	3.44	2.63	2.66	3.01	3.08	2.39	2.07	2.2	2.52	3.06	2.75	1.8	3.77	2.25	2.91	1.93
16881838	3.82	2.71	4.41	3.69	3.27	3.15	3.36	3.28	4.21	2.6	2.94	2.68	2.63	3.01	3.52	2.82	4.08	3.43	4.38	4.26	3.64	2.77	4.88	3.52
16891627	2.28	3.58	2.71	2.07	2.45	3.66	2.36	3.57	1.8	2.24	2.21	3.45	3.72	4.42	3.43	3.44	3.44	4.14	3.17	6.94	3.11	4.2	3.48	4.28
16841212	3.04	3.09	6.19	9.06	2.1	6.14	3.62	7.12	2.35	5.06	2.49	7.06	8.25	8.58	2.45	2.99	6.45	6.62	3.38	3.39	2.84	7.38	2.64	4.15
17120100	5.93	6.04	6.16	7.2	6.08	7.46	5.65	7	5.7	6.49	7.14	7.22	6.58	6.58	6.4	6.39	7.45	6.76	6.78	7.77	6.51	6.8	6.12	7.27
16823043	3.19	4.12	4.38	4.18	4.11	4.79	3.74	4.19	3.88	3.4	4.21	4.49	3.6	4.39	3.78	5.08	3.8	4.82	3.82	4.49	3.24	3.72	4.83	4.73
16833488	3.11	2.58	2.82	2.82	3.05	2.45	3.43	2.65	3.2	2.48	3.09	2.51	2.79	2.58	3.65	2.55	2.28	2.35	4.3	3.5	1.89	2.28	3.44	2.1
16674689	3.94	3.93	2.8	2.35	1.57	3.09	2.44	3.77	2.03	3.12	1.76	2.97	2.3	3.33	2.36	2.35	1.95	2.91	2.69	2.89	2.81	2.78	2.16	2.32
16812929	5.21	4.81	6.42	3.99	3.66	3.52	4.44	4.87	5.86	4.38	5	4.5	4.74	4.6	5.18	2.39	5.56	4.5	5.87	5.78	5.56	4.93	4.71	4.46
16978236	3.64	4.57	3.2	3.88	4.28	3.86	3.6	4.17	4.4	4.84	4.87	5.17	3.79	4.46	3.03	4	3.75	4.4	2.82	3.79	4.28	4.68	2.39	3.63
17121924	2.5	4.61	3.75	3.54	2.32	4.06	2.1	2.93	5.76	5.34	2.48	3.44	3.75	3.02	2.42	3.77	2.2	3.91	3.72	5.47	2.83	4.3	2.72	3.43
16687734	5.13	4.02	4.54	2.72	3.02	3.17	4.03	3.71	4.53	4.37	4.61	4.16	3.34	3.59	4.82	4.39	3.96	3.26	4.41	2.75	4.17	4.05	3.97	3.09
16690908	4.02	3.11	3.76	2.51	3.16	3.41	4.14	3.03	4.26	3.27	3.98	3.2	3.25	3.07	3.24	3.08	4.25	3.38	4.07	4.85	3.48	3	3.46	3.23
16999456	3.66	5.53	4.12	4.73	5.31	4.08	3.99	5.09	5.11	5.93	5.64	5.06	4.39	4.39	4.75	5.59	4.54	5.47	4.08	4.47	4.35	6.12	4.78	5.67
16908449	6.73	6.68	6.21	6.76	7.03	8.24	7.71	7.86	7.08	7.45	7.83	7.95	6.85	7.93	7.33	7.9	6.85	7.75	5.6	7.1	7.78	8.03	7.09	7.42
17108816	5.02	3.66	5.18	5.29	4.56	4.55	4.41	2.8	3.7	3.19	4.24	5.21	5.17	3.03	4.69	2.98	4.01	3.64	4.84	4.17	4.1	4.24	4.5	3.6
16937621	1.29	2.74	2.73	1.07	1.45	3.17	2.45	3.36	1.56	2.12	1.36	3.78	1.61	3.49	1.73	2.68	1.39	1.21	1.92	1.8	2.97	3.01	2.01	2.69
16906031	4.47	3.46	4.71	3.89	4.09	4.48	4.42	4.04	4.02	3.07	3.36	4.16	4.31	3.4	4.27	3.76	4.29	3.48	5.64	5.21	4.99	3.6	3.99	3.05
17122968	3.36	2.35	2.75	1.68	2.9	2.4	2.38	3.05	3.84	2.18	2.26	2.56	3.79	2.38	3.31	2.21	3.57	3.55	3	2.3	3.73	2.9	2.07	2.83
16985748	2.27	3.26	3.63	4.07	2.68	3.49	2.81	3.27	1.88	3.47	3.02	3	3.2	2.42	2.81	3.57	4.07	3.32	2.62	3.5	3	3.45	2.82	3.94
16759855	4.12	2.84	3.87	3.71	3.78	3.81	3.65	3.61	3.63	2.85	3.04	2.99	3.77	3.12	3.9	3.28	4.38	3.29	4.47	4.83	3.55	3.03	4.1	3.19
16870772	1.76	1.82	1.24	2.5	0.97	2.28	1.66	0.87	1.75	1.37	1.76	2.1	0.65	2.06	1.18	2.07	1.05	2.18	1.24	0.64	1.42	1.98	1.65	2.17
16762126	4.24	3.96	4.42	3.15	3.45	3.36	3.17	3.15	4.12	3.09	3.35	4.34	4.58	3.13	3.49	2.89	4.08	3.28	5.2	4.54	4.29	3.49	3.61	2.8
17120096	1.45	2	1.92	4.08	2.01	2.11	1.7	2.87	1.83	2.35	2.95	3.25	1.74	2.05	1.86	1.96	2.63	2.4	2.08	2.48	3.09	3.23	1.85	3.31
16859711	2.72	2.32	3.22	4.08	2.44	3.83	3.71	3.17	2.46	3.48	2.79	3.83	1.64	2.9	2.99	2.46	2.32	2.37	1.76	3.52	2.42	2.81	2.6	3.14
17062253	2.96	3.59	3.32	3.83	2.42	3.05	2.37	2.42	2.1	3.62	3.96	1.76	1.79	4.29	2.38	2.91	2.91	3.56	2.35	3.82	2.51	3.4	3	3.21
16767981	3.98	3.79	5.23	3.12	4.6	3.88	4.76	3.65	3.65	3.05	4.25	3.39	4.05	3.23	3.6	5.05	4.62	2.92	5.27	3.91	3.03	3.88	4.08	4
16855015	5.03	4.27	4.98	3.85	4.85	5.32	5.29	4.38	6.08	4.96	3.6	3.83	5.05	5.33	4.4	3.82	5.58	5.25	5.81	4.48	5.48	4.59	5.13	4.13
16687914	5.42	3.78	6.04	4.43	4.88	6.01	6	5.02	5.4	4.59	4.27	6.05	6.18	5.2	5.55	4.46	5.11	4.31	6.15	5.62	5.21	4.03	5.09	3.89
17125822	0.59	1.26	0.65	2.24	1.45	1.1	0.76	1.68	1.13	1.78	1.57	1.47	0.54	1.81	2.64	1.34	0.92	2.46	0.76	1.36	1.95	1.24	0.53	2.1
16812869	0.68	1.62	1.09	1.1	0.76	0.51	0.94	1.75	0.72	1.63	0.73	1.55	1.41	1.19	1.64	1.6	0.83	1.76	0.99	0.76	1.36	1.88	1.47	1.79
16920156	5.01	5.52	4.39	5.76	4.06	5.18	4.7	4.43	5.11	5.55	5.45	5.42	4.74	5.35	4.84	5.31	5.02	5.58	4.29	4.51	5.34	5.57	4.69	4.49
16984905	2.44	2.23	3.67	2.17	3.93	3.06	2.66	2.25	2.13	2.1	1.7	2.76	2.65	2.15	3.51	2.46	2.92	2.08	5.18	3.1	3	2.09	2.5	2.11
17058268	4.24	2.79	4.68	4.06	5.08	4.48	4.97	4.52	3.49	3.97	3.53	3.94	4.79	4.17	4.95	3.92	4.41	4.52	5.44	5.04	4.47	3.71	4.9	3.41
16858208	3.83	3.61	4.84	4.04	3.87	3.97	3.03	4.45	3.28	4.77	3.85	5.18	4.54	4.75	3.66	4.89	4.16	4.99	5.01	4.66	3.33	4.42	3.25	3.45
16696575	3.78	4.15	3.24	4.72	3.09	4.38	3.17	3.99	3.09	2.84	3.35	3	2.8	4.34	2.69	2.72	3.54	3.29	3.31	4.49	4.09	4.19	3.85	4.13
17080674	4.3	3.61	3.8	2.3	4.06	2.32	3.22	3.38	4.91	4.38	2.85	2.38	3.12	4.11	3.53	4.13	4.37	3.37	3.8	1.6	3.99	3.02	3.17	2.29
17052625	5.16	5.06	6.3	5.14	4.81	2.75	3.95	4.28	5.51	4.68	4.06	3.35	5	4.31	3.79	2.79	3.28	4.22	5.36	2.67	4.16	3.33	3.75	2.66
17069865	4.04	3.4	4.43	3.47	4.19	2.86	4.13	3.81	3.93	3.93	4.28	3.5	3.02	3.31	4.24	3.33	4.16	3.53	4.53	3.85	2.84	3.96	3.68	3.76
16834632	2.05	1.97	1.76	1.84	0.62	1.77	2.86	2.71	1.52	1.06	2.84	1.27	2.88	1.39	1.99	0.98	1.33	1.34	3.43	1.72	2.42	1.21	1.85	1.36
16685868	6.58	5.01	4.94	4.85	5.57	4.12	5.99	5.97	5.97	6.04	5.92	4.87	5.45	6.11	5.93	5.13	6.34	5.48	5	4.87	5.67	5.72	5.84	5.24
16927151	4.37	4.16	4.94	4.49	4.89	5.34	4.83	4.28	4.84	3.9	4.21	4.16	4.96	5	4.61	4.12	5.41	4.26	5.38	5.29	4.82	4.43	4.67	3.79
17035366	2.22	2.25	2.41	2.03	1.9	3.68	3.41	2.58	2.2	3.18	2.21	3.15	1.94	3.14	1.94	3.21	2.27	1.36	2.34	2.9	2.23	1.97	1.84	4.01
16980160	4.18	3.46	4.66	3.74	4.17	4.75	3.97	3.55	3.79	3.76	4.33	4.29	4.68	4.23	4.37	3.38	4.56	3.64	5.62	5.3	4.2	3.61	4.54	3.77
17072723	1.48	1.77	2.22	2.38	1.05	4.09	2.21	1.52	1.55	1.58	0.48	3.93	3.16	2.59	1.3	1.06	0.72	1.21	1.73	2.81	1.34	1.4	1.1	3.67
17119698	1.48	1.77	2.22	2.38	1.05	4.09	2.21	1.52	1.55	1.58	0.48	3.93	3.16	2.59	1.3	1.06	0.72	1.21	1.73	2.81	1.34	1.4	1.1	3.67
16819909	5.71	4.49	5.57	4.97	5.28	5.25	5.36	4.76	5.41	4.72	4.87	4.48	4.42	5.05	5.44	4.48	5.58	4.6	5.77	5.89	4.48	4.82	5.2	4.99
16932821	3.46	3.76	3.67	4.82	4.3	6.25	3.97	4.61	3.58	3.13	4.02	6.01	4.58	4.33	3.5	4.45	3.69	3.84	4.59	5.48	4.02	4.41	3.68	3.6
16702208	2.65	2.15	1.8	2.43	2.48	3.25	1.52	1.65	2.17	2.82	2.53	3.03	1.35	2.05	1.53	2.01	1.77	3.24	1.44	4.31	3.27	1.49	1.58	3.07
16785696	3.19	3.41	4.61	6.1	2.86	4.38	3.19	3.46	3.43	3.75	3.08	4.61	2.68	3.44	4.13	5.01	2.85	3.17	2.95	4.66	4.83	5.16	5.44	5.77
17022896	2.12	0.85	3.06	1.1	0.63	0.94	1.29	1.94	2.65	1.65	1.68	1.01	1.66	1.89	1.8	0.73	1.32	1.22	1.62	0.98	1.89	0.94	1.54	2.15
16675158	5	6.58	5.77	7.32	2.67	6.12	4.31	3.33	4.09	5.55	5.49	6.06	4.16	3.6	5.15	4.46	2.37	5.93	3.08	4.11	5.31	6.93	4.95	4.76
16854183	6.23	4.01	5.94	4.3	5.39	6.28	4.68	4.59	5.59	5.67	5.18	4.56	4.98	5.2	5.39	3.31	5.63	4.49	5.98	6.11	4.63	3.47	4.48	4.07
16780783	1.45	2.39	2.43	1.36	1.19	1.41	1.91	2.52	1.98	2.08	1.55	1.4	0.98	2.78	1.61	2.35	2.1	2.43	1.45	1.01	1.64	2.58	1.57	3.28
16702836	3.32	4.77	3.91	4.44	3.51	4.58	3.08	2.74	3.58	4.19	3.73	5.02	4.22	2.83	3.59	3.9	3.15	4.17	3.97	4.07	3.8	3.99	3.19	3.93
16929507	1.11	1.12	1.68	0.88	1.84	0.88	1.11	0.95	2.04	0.91	2.59	1.52	0.69	1.52	2.09	1.28	2.3	2.41	1.17	1.71	2.32	0.94	2.62	1.71
16718938	2.68	3.49	2.67	3.18	3.4	3.56	2.89	4.56	4.06	4.26	4.19	4.66	3.88	3.79	4.22	5.13	2.82	3.2	2.17	2.75	3.62	3.94	2.98	3.96
16702257	4.11	2.94	3.65	2.35	3.81	3.57	2.47	2.39	4.21	2.78	2.7	3.56	2.75	2.37	1.93	1.92	4.9	1.93	3.35	3.22	1.74	1.77	3.38	2.16
16959575	3.64	3.47	4.07	4.69	3.57	4.08	3.67	4.77	3.89	4.89	2.98	5.27	4.01	3.42	3.92	3.86	4.07	2.26	3.71	4.79	3.14	4.39	3.26	4.44
16788576	2.54	2.99	3.62	2.49	4.06	3.6	3.59	3.18	3.65	2.12	2.76	2.98	3.7	3.44	4.18	2.87	3.55	3.52	3.33	2.88	3.58	3.08	2.49	3
16716367	0.7	2.46	0.96	1.49	1.56	1.36	1.87	1.59	0.84	2.46	0.91	2.07	0.78	1	1.33	1.23	0.86	0.82	1.18	1.32	1.05	2.79	2.63	2.01
17114014	4.62	5.08	5.13	3.66	5.37	3.97	3.61	4.67	5	3.86	4.01	3.95	4.75	4.13	4.95	5.23	5.41	4.58	4.98	3.96	4	3.67	4.66	4.33
16927869	2.18	4.14	2.79	4.08	2.25	2.87	2.43	4.21	3.48	2.82	3.15	3.49	3.53	1.93	1.88	3.61	2.43	4.51	3.41	4.21	2.52	3.21	2.11	1.15
17005072	5.05	3.96	4.19	2.29	4.06	3.41	3.03	1.85	3.87	4.44	4.83	2.29	2.36	3.97	4.41	4.22	4.42	4.63	4.44	1.59	3.47	3.55	3.59	2.63
17120090	2.64	3.02	2.27	4.19	2.29	4.22	2.05	3.49	2.96	2.97	3.72	3.79	3.69	3.7	2.78	3.69	4.42	2.08	3.65	4.62	3.22	3.48	2.76	3.97
16853375	6.29	8.56	5.36	6.08	5.23	5.71	5.7	5.41	5.38	6.4	6.93	6.52	7.67	6.23	6.33	6.73	5.47	6.46	5.92	7.06	5.49	7.75	6.76	7.78
16900183	3.14	4.28	4.94	4.3	4.17	4.12	4.57	3.58	4.26	3.5	5.73	5.35	4.81	3.79	4.88	3.88	3.84	3.11	4.62	4.16	5.49	4.78	4.61	4
17095414	0.3	0.6	0.91	1.6	1.06	2	0.59	0.78	1.31	1.89	1.36	1.97	0.89	1.85	1.03	2.1	1.99	0.91	0.94	0.62	0.67	1.59	1.59	1.76
17068424	4.21	2.9	4.52	3.74	2.95	3	4.31	3.99	4.48	4.1	3.72	3.66	4.61	2.85	3.9	4.19	4.38	4.07	4.77	4.46	4.45	3.02	2.59	2.71
17119688	4.21	2.9	4.52	3.74	2.95	3	4.31	3.99	4.48	4.1	3.72	3.66	4.61	2.85	3.9	4.19	4.38	4.07	4.77	4.46	4.45	3.02	2.59	2.71
16810884	3.24	2.47	3.48	3.93	2.35	3.99	2.38	3.41	3.34	2.47	1.99	4	1.88	2.96	2.91	1.5	2.29	3.27	1.53	3.64	3.33	3.54	2.21	2.55
17117453	3.46	3.39	4.14	4.56	3.94	4.23	4.19	5.14	2.45	3.16	2.67	4.35	3.47	4.15	2.5	4.02	3.9	4.43	4.12	4.59	4.74	5.22	5.44	5.19
16892305	6.29	6.23	5.6	6.48	5.71	8.66	5.57	6.01	4.69	4.27	5.25	9.36	7.43	6.44	5.43	5.1	4.84	5.41	4.65	9.06	4.75	4.89	5.19	5.76
17025264	4.48	3.62	5.31	4.45	3.73	2.65	5.22	4.56	5.06	5.01	5.3	4.6	3.6	3.48	4.09	4.23	5.04	4.24	5.12	4.49	3.66	3.68	5.22	4.48
16669781	5.54	5.76	5.69	5.59	4.99	7.01	4.82	4.8	4.96	5.87	5.12	6.64	5.61	6.08	5.56	5.25	4.99	3.77	5.09	6.23	5.36	5.89	4.78	5.67
17119212	3.42	0.91	0.95	2.76	2.03	2.19	1.36	2.34	0.66	1.54	1.16	1.35	1.59	1.74	1.87	2.96	1.28	3.23	1.16	1.76	1.33	1.86	1.89	2.69
16711907	1.26	2.55	1.61	3.55	1.37	1.3	1.77	2.64	1.89	1.45	1.61	2.31	3.28	1.82	1.83	2.67	1.59	1.63	1.56	2.58	2.05	2.16	2.23	3.11
17065851	2.02	1.4	2.27	2.65	1.75	1.54	1.89	1.34	3.04	2.99	2.63	1.86	2.58	3.19	2.21	1.64	2.62	1.59	2.47	1.72	2.13	1.88	3.58	2.03
16733068	1.77	2.4	3.31	2.18	2.21	2.8	1.97	1.61	2.03	3.09	1.29	2.88	1.53	3.12	2.42	3.38	1.4	1.29	3.39	2.86	1.74	3.73	3.13	4.01
16808300	2.1	3.71	2.72	3.18	2.57	1.97	2.56	2.88	3.04	3.83	2.15	3.19	3.21	3.22	2.12	3.01	3.06	1.27	2.87	3.88	1.72	3.69	2.82	3.07
16862118	3.7	3.28	4.45	3.59	3.05	2.27	3.89	2.44	3.92	4.21	2.14	4.94	3.67	2.09	4.26	3.21	3.7	3.5	3.78	2.17	3.57	3.11	4.74	3.05
17006580	1.84	2.64	3.81	2.63	2.68	4.31	3.01	3.39	3.73	2.92	3.77	5.01	2.32	2.19	2.39	3.38	1.09	2.46	2	4.15	1.85	3.28	2.02	2.21
16982180	1.9	2.83	4.63	5.1	4.06	4.77	3.76	3.95	1.67	2.21	4.66	4.47	3.09	3.18	3.29	3.45	2.88	4.8	3.12	5.04	3.15	4.06	3.91	4.83
16819747	7.27	6.6	5.69	6.14	5.76	6.18	7.47	7.41	6.2	7.41	6.17	6.92	5.6	7.19	7.04	7.44	5.66	7.19	5.95	5.85	6.27	6.43	5.33	5.73
16990199	3.75	2.61	3.47	4.1	2.09	5.41	2.54	2.31	2.32	4.12	3.51	5.58	3.37	2.7	4.02	4.11	2.42	2.59	2.34	4.67	2.87	2.92	2.29	2.5
16691627	2.11	2.42	2.08	2.04	2.78	2.6	1.76	2.21	6.11	3.62	3.39	1.73	2.72	1.41	3.54	2.83	3.83	2.08	3.76	3.73	1.83	2.17	3.95	2.12
16763512	6.03	5.95	6.91	5.19	6.49	7.3	5.38	4.76	6.47	6.13	5.17	6.38	7.65	6.92	6.78	5.86	7.37	5.84	7.57	7.03	6.65	6	7.28	5.49
16701037	3.85	4.13	2.62	3.66	3.12	4.76	3.58	4	4.08	4.56	3.78	5.21	2.73	4.67	4.72	4.57	4.16	4.41	3.77	2.3	3.34	3.48	2.87	3.24
17009563	2.9	4.47	2.69	4.71	4.19	6.57	5.03	3.65	3.54	5.81	4.62	6.79	4.76	3.12	2.65	3.69	3.14	4.42	5.91	5.68	4.14	3.91	3.49	4
17095056	1.96	2.06	2.65	3.73	2.95	6.6	2.22	3.05	1.58	1.69	1.81	4.85	4.71	3.44	1.81	2.07	1.8	2.2	2.22	3.62	2.04	2.43	1.86	2.08
16905273	4.99	6.56	6.75	7.53	5.56	10.64	4.9	6.07	6.8	4.77	6.17	10.47	8.64	5.77	5.26	5.36	5.27	4.82	5.32	10.74	4.86	6.55	5.61	6.05
17027880	2.77	2.69	2.7	3.48	1.98	2.13	2.59	3.19	2.45	3.47	3.77	3.5	2.49	3.36	2.87	2.04	1.93	3.41	2.66	2.84	2.67	3.14	3.25	3.33
17033410	2.77	2.69	2.7	3.48	1.98	2.13	2.59	3.19	2.45	3.47	3.77	3.5	2.49	3.36	2.87	2.04	1.93	3.41	2.66	2.84	2.67	3.14	3.25	3.33
17038203	2.77	2.69	2.7	3.48	1.98	2.13	2.59	3.19	2.45	3.47	3.77	3.5	2.49	3.36	2.87	2.04	1.93	3.41	2.66	2.84	2.67	3.14	3.25	3.33
17040798	2.77	2.69	2.7	3.48	1.98	2.13	2.59	3.19	2.45	3.47	3.77	3.5	2.49	3.36	2.87	2.04	1.93	3.41	2.66	2.84	2.67	3.14	3.25	3.33
16832421	2.43	3.34	3.49	1.28	2.25	3.27	2.63	3.05	0.76	2.1	1.51	3.29	2.06	1.58	1.11	2.05	2.01	3.57	3.44	3.29	1.6	2.46	1.19	2.22
16787882	5.05	4.82	5.01	3.77	5.51	3.61	5.02	4.71	4.03	4.02	5.27	4.23	3.03	2.66	5.15	5.44	5.56	4.8	4.25	4.56	5.12	4.58	5.59	5.03
16763467	3.7	2.27	2.81	3.06	3.65	3.1	4.1	2.46	3.26	2.38	3.14	3.79	2.74	3.39	3.91	4.05	3.83	3.69	3.99	3.15	3.84	3.97	3.83	2.9
16973058	4.33	3.75	1.77	1.81	2.99	1.91	2.2	1.78	4.07	3.98	2.73	1.84	4.91	4.37	3.18	2.2	3.17	1.84	1.75	0.83	3.1	2.35	2.89	1.98
16778625	2.42	3.34	2.85	3.58	4.17	2.53	3.59	3.72	3.09	3.85	3.5	3.26	2.43	4.06	2.89	3.85	2.03	2.22	1.97	2.23	3.21	3.81	2.96	4.35
17017924	1.83	3.39	2.99	4.38	3.29	3.32	4.01	4	2.19	3.25	2.2	4.09	2.72	2.1	2.74	4.3	2.94	4.09	4.26	2.38	3.8	3.6	3.79	4.01
17027089	1.83	3.39	2.99	4.38	3.29	3.32	4.01	4	2.19	3.25	2.2	4.09	2.72	2.1	2.74	4.3	2.94	4.09	4.26	2.38	3.8	3.6	3.79	4.01
17029733	1.83	3.39	2.99	4.38	3.29	3.32	4.01	4	2.19	3.25	2.2	4.09	2.72	2.1	2.74	4.3	2.94	4.09	4.26	2.38	3.8	3.6	3.79	4.01
17042431	1.83	3.39	2.99	4.38	3.29	3.32	4.01	4	2.19	3.25	2.2	4.09	2.72	2.1	2.74	4.3	2.94	4.09	4.26	2.38	3.8	3.6	3.79	4.01
16882553	3.3	2.22	3.1	2.07	1.22	1.47	2.38	1.97	3.87	3.59	2.8	2.14	2.64	2.54	2.43	1.52	2.88	3.3	2.77	2.09	2.14	2.53	3.4	2.17
16901892	3.3	2.22	3.1	2.07	1.22	1.47	2.38	1.97	3.87	3.59	2.8	2.14	2.64	2.54	2.43	1.52	2.88	3.3	2.77	2.09	2.14	2.53	3.4	2.17
17068426	5.52	6.55	5.12	5.88	6.05	3.85	5.76	7.21	6.08	6.62	6.42	5.55	5.72	6.8	5.47	6.71	5.92	7.21	5	4.58	6.04	7.24	5.28	6.85
16776959	3.22	1.76	2.86	3.34	2.69	2.55	3.26	2.02	2.74	1.78	3.63	4.84	2.49	2.01	3.06	2.12	3.07	2.26	2.55	2	2.37	2.01	2.39	2.16
17098220	4.28	4.11	2.84	2.57	4.43	2.76	4.19	3.47	4.52	5	4.45	2.94	3.55	3.16	4.62	3.85	4.01	3.65	4.01	2.55	4.33	4.79	3	3.7
16916221	2.45	1.57	1.26	1.52	3.24	1.76	2.76	1.79	2.72	1.06	1.65	1.15	3.21	3.36	2.07	1.56	2.18	1.81	1.82	2.78	1.26	1.46	2.76	2.19
16773032	1.68	2.46	2.07	3.3	1.85	1.88	1.8	2.86	3.06	2.33	2.86	2.33	1.83	3.06	3.04	2.49	1.9	1.86	1.99	2.33	1.74	2.95	1.73	1.78
17119106	4.82	3.68	3.96	3.41	5.01	3.17	4.54	3.29	2.62	3.76	3.71	4.42	4.6	4.33	4.22	2.48	2.36	2.45	5.09	2.92	2.77	3.93	4.27	3.86
16773621	3.71	5.07	4.12	4.88	4.19	4.73	4.06	3.4	3.85	4.72	5.18	4.53	4.55	3.77	3.49	3.07	2.02	5.3	4.55	4.94	4.69	4.67	3.52	4.67
17118906	3.71	5.07	4.12	4.88	4.19	4.73	4.06	3.4	3.85	4.72	5.18	4.53	4.55	3.77	3.49	3.07	2.02	5.3	4.55	4.94	4.69	4.67	3.52	4.67
17019479	1.05	0.72	1.78	0.93	1.38	2.59	1.13	1.68	1.18	2.32	2.93	2.12	1.68	1.35	0.9	0.79	1.05	2.62	0.64	2.28	1.12	1.42	1.75	3.55
16968403	3.63	3.38	3.5	3.09	0.5	2.72	2.76	2.17	2.17	2.13	3.13	2.17	2.11	2.13	3.27	2.05	1.63	0.95	2.53	0.92	3.7	1.92	2.72	1.59
16890701	5.86	5.07	3.54	3.83	3.87	3.42	4.32	3.55	4.76	4.02	2.81	3.52	5.34	5.91	4.7	4.04	5.45	4.22	4.78	3.12	4	3.2	4.2	3.28
